   0.0000000e+00   0.0000000e+00   0.0000000e+00   0.0000000e+00   0.0000000e+00   0.0000000e+00
  -3.5864146e-03   6.0063255e-02   1.1546682e-01   1.8594415e-04   2.2228720e-05   3.2885406e-05
   6.6587791e-03  -9.5399738e-03   9.7772750e-02   1.5300801e-04  -2.4335403e-04   1.6257714e-04
   4.0561574e-04   4.0821710e-02   1.0205293e-01   7.9098110e-05   7.0103426e-05   3.8314542e-04
   5.1357370e-03   8.0291629e-02   1.1583470e-01  -1.7216841e-04   1.5790525e-04   3.5590225e-04
   1.1626846e-02  -3.4098825e-03   6.6487460e-02   1.8664550e-04   1.0539594e-04   3.5765129e-04
   5.2758918e-03   8.5534522e-02   1.1497403e-01  -4.3890950e-04   1.8034550e-04   2.7088136e-04
   1.6141584e-03   4.9487620e-02   9.9077175e-02   3.0041006e-04   7.8783738e-05   4.4012780e-04
  -2.9238623e-03  -1.6488541e-02   9.7180441e-02   5.3392544e-04   1.8400296e-05   7.4375994e-04
  -9.8601866e-03   9.4806940e-02   1.2227323e-01   1.7192990e-03  -2.5036609e-04   7.9922538e-04
  -6.4022502e-03  -1.5054962e-02   9.3426394e-02   9.6197842e-04   5.8043492e-05   7.3023303e-04
  -8.6698701e-03   3.8809486e-02   9.6231889e-02   1.1617429e-04  -5.3701148e-05   6.6368059e-04
  -1.6979347e-02   7.9807262e-02   1.2260344e-01  -1.4665286e-04  -5.9685242e-06   6.3342996e-04
  -1.2925405e-02  -2.4030051e-02   8.9666646e-02   7.2015748e-04  -4.8947277e-05   8.2781759e-04
  -1.5309365e-02   4.7525784e-02   1.0747260e-01  -3.9005165e-04   3.0008629e-04   7.0736920e-04
  -2.1438166e-02   8.6988117e-02   1.3574875e-01   1.8597178e-04   2.1269406e-04   8.9554045e-04
  -1.7171402e-02  -3.7237600e-03   1.0664772e-01   6.5067401e-04   4.4476575e-04   1.0133454e-03
  -2.2022910e-02   4.3220734e-02   1.1669638e-01  -1.1376514e-04   4.5663220e-04   1.0900318e-03
  -3.2476168e-02   9.2182212e-02   2.0596768e-01   8.5438057e-04   4.5538627e-04   9.7729815e-04
  -3.6084860e-02   3.3300998e-02   1.3261628e-01  -8.2426175e-05   3.8647552e-04   1.0549909e-03
  -4.1558801e-02   9.6921065e-02   2.1574845e-01  -3.9360843e-04   6.1662355e-04   1.1358022e-03
  -4.0271043e-02   4.3578616e-02   1.6027800e-01  -1.1360995e-03   4.2686992e-04   1.1401573e-03
  -4.8438268e-02   1.1363188e-01   2.3049512e-01  -1.0913583e-03   4.4969562e-04   9.9141853e-04
  -3.8961387e-02   2.3514274e-02   1.0599696e-01  -1.4171813e-03   5.0951021e-04   8.1639814e-04
  -4.4587355e-02   1.4537941e-01   2.3686887e-01  -2.0246590e-03   3.9996247e-04   7.3840672e-04
  -4.6675790e-02  -5.5172062e-04   1.3341380e-01  -1.0816143e-03   5.8493874e-04   9.1115491e-04
  -6.0361322e-02   1.6197740e-01   2.3262056e-01  -1.7156522e-03   2.8869443e-04   7.8297165e-04
  -5.2488732e-02  -1.1712062e-02   1.0637341e-01  -9.0948473e-04   4.4180530e-04   1.1065386e-03
  -4.9940292e-02   1.6088576e-01   2.3036121e-01  -1.7464351e-03   4.6056187e-04   9.5529488e-04
  -4.5306321e-02  -1.8576711e-03   1.1728658e-01  -1.0477641e-03   5.6348050e-04   1.0839535e-03
  -5.3712152e-02   1.2920512e-01   2.3428173e-01  -1.5557376e-03   3.7683194e-04   1.1063606e-03
  -5.5034019e-02   1.9231423e-02   1.4772859e-01  -1.0502412e-03   3.4571368e-04   1.4492006e-03
  -5.4739213e-02   1.2329882e-01   2.0341622e-01  -1.3540143e-03   3.5050018e-04   1.3731302e-03
  -4.7771833e-02   5.1636017e-02   1.4906153e-01  -1.4293543e-03   4.9586736e-04   1.6191413e-03
  -4.4249474e-02   1.4138481e-01   1.3460255e-01  -2.2810363e-03   7.2254641e-04   1.3367414e-03
  -3.0326787e-02   9.5438780e-02   1.0831786e-01  -2.0244954e-03   6.2740996e-04   1.6078955e-03
  -2.0364236e-02   1.2833166e-01   1.0552034e-01  -1.7564365e-03   4.8536111e-04   1.2965905e-03
  -2.9544135e-02   1.5612947e-01   1.3117502e-01  -2.1256155e-03   4.4312697e-04   1.5887684e-03
  -3.1091530e-02   5.7215504e-02   1.0443112e-01  -1.9244305e-03   5.2132524e-04   1.8021196e-03
  -3.2534538e-02   1.3818926e-01   1.0685207e-01  -3.3745693e-03   8.3999362e-04   1.7342204e-03
  -4.0987090e-02   1.3918299e-01   9.7402699e-02  -3.0567475e-03   7.2341132e-04   2.1159559e-03
  -3.3965085e-02   6.8883076e-02   7.9336257e-02  -2.5263349e-03   8.0383137e-04   2.1223737e-03
  -3.3533263e-02   1.7043327e-01   1.0412944e-01  -4.1646875e-03   8.6781492e-04   2.0171099e-03
  -2.9451652e-02   7.3501745e-02   7.5382178e-02  -2.7632834e-03   7.4059514e-04   2.2109880e-03
  -3.2811131e-02   1.6219539e-01   1.1110341e-01  -4.0685286e-03   9.4021255e-04   2.1405644e-03
  -3.8899894e-02   1.4786893e-01   1.2708046e-01  -3.0424645e-03   9.6566790e-04   2.4502105e-03
  -3.3202260e-02   9.3459844e-02   1.1134700e-01  -2.8496127e-03   9.3526753e-04   2.4291266e-03
  -3.2110390e-02   1.9548126e-01   1.4175476e-01  -4.1793896e-03   9.4487105e-04   2.4632180e-03
  -3.3106013e-02   9.8793819e-02   1.1383060e-01  -3.1127161e-03   7.8400748e-04   2.5799522e-03
  -2.8986687e-02   1.6014578e-01   1.1098135e-01  -3.4885027e-03   7.7979890e-04   2.4231170e-03
  -3.4428151e-02   2.1324675e-01   1.2739964e-01  -4.0966110e-03   6.9600650e-04   2.4896819e-03
  -2.8308294e-02   9.7196910e-02   9.8851563e-02  -3.5146890e-03   2.3117418e-04   2.6390321e-03
  -3.7978492e-02   2.3102568e-01   1.5587172e-01  -4.6595159e-03   2.6296791e-04   2.6199696e-03
  -3.1583802e-02   1.0606000e-01   9.3412132e-02  -3.8302187e-03  -3.9173137e-05   2.9197881e-03
  -3.0126931e-02   1.8958943e-01   1.0538907e-01  -4.5490609e-03   1.0646471e-04   2.6367071e-03
  -3.5298023e-02   1.8829546e-01   1.1310058e-01  -3.7838518e-03  -1.2780537e-04   2.9065086e-03
  -2.6249789e-02   1.3312014e-01   9.0439014e-02  -3.7767787e-03  -7.5881548e-05   2.7255502e-03
  -3.9083455e-02   2.4240676e-01   1.4530013e-01  -4.2800314e-03   3.3716296e-04   2.9994561e-03
  -3.6342870e-02   1.0754903e-01   6.1681437e-02  -3.5823328e-03   1.4775132e-04   2.8093363e-03
  -3.9933798e-02   2.5874292e-01   1.4551963e-01  -4.3829006e-03   2.4530976e-04   2.7966182e-03
  -2.4827157e-02   1.0570511e-01   5.4899105e-02  -3.0652450e-03   1.6659517e-05   2.7962053e-03
  -3.1982943e-02   2.7543719e-01   1.0831172e-01  -4.6712885e-03   2.9835496e-04   2.8212300e-03
  -2.6733937e-02   9.8102496e-02   6.5542302e-02  -2.9213102e-03  -6.2381548e-05   3.1329155e-03
  -3.7820411e-02   2.2061121e-01   1.2922475e-01  -3.7903220e-03   4.4400017e-04   3.2074988e-03
  -3.1666274e-02   1.4682089e-01   7.5833169e-02  -3.2821531e-03   3.4371568e-04   3.1314831e-03
  -2.8469407e-02   2.5836404e-01   9.4894089e-02  -3.9747066e-03   2.3878844e-04   3.1115978e-03
  -2.0163258e-02   1.6194559e-01   6.6280668e-02  -3.0507162e-03   2.9519790e-05   3.1799078e-03
  -2.1416851e-02   2.2522287e-01   1.1492485e-01  -3.6769339e-03   2.3974582e-04   3.3427102e-03
  -2.2506045e-02   1.7351858e-01   1.0050447e-01  -3.5106108e-03   2.0118195e-04   3.5728385e-03
  -2.7422776e-02   2.3013251e-01   1.3363964e-01  -4.4233076e-03   4.0933093e-04   3.5673437e-03
  -3.1329179e-02   1.9833705e-01   1.2401480e-01  -3.8201294e-03   3.1747617e-04   3.7776306e-03
  -2.8589083e-02   1.6858643e-01   8.7457263e-02  -4.0725274e-03   4.4488413e-04   3.8592639e-03
  -3.4239391e-02   2.6799356e-01   1.4644656e-01  -4.2149742e-03   4.1622269e-04   3.8067278e-03
  -2.6105695e-02   1.5839442e-01   9.1728612e-02  -3.9188472e-03   3.8435163e-04   3.8949255e-03
  -3.0393626e-02   2.5952478e-01   1.3296268e-01  -4.7953411e-03   6.7051500e-04   3.7196019e-03
  -2.8074130e-02   1.7131811e-01   1.0991796e-01  -4.0669921e-03   5.3043824e-04   4.0004397e-03
  -2.6920594e-02   2.0190062e-01   1.0144958e-01  -4.1129808e-03   4.8495562e-04   3.8717158e-03
  -3.0297685e-02   2.7368361e-01   1.3766019e-01  -4.6016052e-03   3.7487178e-04   3.8668385e-03
  -2.9098601e-02   1.4780215e-01   8.1022548e-02  -2.9583920e-03   1.1384955e-07   4.2402248e-03
  -4.1514776e-02   3.1291914e-01   1.6229189e-01  -4.6574214e-03   2.6540536e-04   4.1368610e-03
  -3.6278315e-02   1.2850793e-01   7.1915568e-02  -3.4447158e-03   2.3352253e-05   4.3758447e-03
  -4.2833193e-02   3.2112790e-01   1.3452012e-01  -5.0514758e-03   1.0724623e-04   4.2064962e-03
  -3.3844023e-02   1.3115408e-01   4.8791003e-02  -3.3200300e-03  -2.2661593e-04   4.5948095e-03
  -4.7072283e-02   3.0809403e-01   1.6237993e-01  -4.5499886e-03  -5.2482728e-05   4.3326662e-03
  -4.2698960e-02   1.4787738e-01   4.3809552e-02  -3.4874337e-03  -4.1315414e-05   4.5246837e-03
  -3.6395420e-02   3.2719035e-01   1.2770099e-01  -4.8707407e-03  -1.8993296e-04   4.3057926e-03
  -2.7204214e-02   1.4953659e-01   6.2970750e-02  -3.1982291e-03  -3.9674296e-04   4.3965594e-03
  -3.7088446e-02   3.0251218e-01   1.4528735e-01  -4.5214025e-03  -5.0672556e-04   4.1477297e-03
  -4.2936601e-02   1.3932054e-01   9.0073990e-02  -3.2108242e-03  -3.1620219e-04   4.5376961e-03
  -4.5927340e-02   3.0545179e-01   1.3628759e-01  -4.7817901e-03  -2.9190446e-04   4.2542326e-03
  -4.4840353e-02   1.3364937e-01   6.1722718e-02  -3.2980633e-03  -3.2005383e-04   4.5139578e-03
  -4.4966757e-02   3.1449537e-01   1.3296846e-01  -4.7827992e-03  -5.6538422e-04   4.4980786e-03
  -4.7331816e-02   1.2351804e-01   4.9088098e-02  -3.2716775e-03  -5.7100944e-04   4.8641414e-03
  -4.9486363e-02   2.7961313e-01   1.3705333e-01  -4.5045750e-03  -4.0885806e-04   4.7752613e-03
  -4.3762400e-02   1.9037562e-01   7.5263633e-02  -3.5962345e-03  -3.2426282e-04   4.7893546e-03
  -3.3563463e-02   2.6124788e-01   7.6641086e-02  -4.2038151e-03  -5.8752172e-04   4.8319363e-03
  -4.4038132e-02   2.7575641e-01   1.0378594e-01  -3.9021472e-03  -4.0947589e-04   4.7926643e-03
  -3.6193960e-02   1.9512640e-01   7.2720681e-02  -3.6995425e-03  -6.5079984e-04   5.1264000e-03
  -4.1781619e-02   2.6129909e-01   8.6856607e-02  -4.2459501e-03  -4.9038064e-04   4.9160025e-03
  -4.1321420e-02   2.2556880e-01   8.0172951e-02  -3.9067961e-03  -5.0814793e-04   5.0028327e-03
  -3.4061641e-02   2.2686209e-01   6.5585648e-02  -3.8056387e-03  -5.3515439e-04   4.9948808e-03
  -4.1541077e-02   2.6379785e-01   1.1419769e-01  -3.9190765e-03  -4.2478650e-04   5.0273765e-03
  -3.5401760e-02   1.8442816e-01   6.7641022e-02  -3.9282372e-03  -7.0519502e-04   5.1839620e-03
  -4.5243766e-02   2.7988013e-01   1.1855682e-01  -4.8599703e-03  -5.2232599e-04   5.0534673e-03
  -3.8841834e-02   1.6923051e-01   6.8220799e-02  -4.2857888e-03  -6.1823570e-04   5.2343209e-03
  -3.7448882e-02   2.5846752e-01   9.1487931e-02  -5.0603900e-03  -5.3114531e-04   4.9962724e-03
  -3.2605941e-02   1.9985723e-01   7.8357553e-02  -4.3013753e-03  -6.8777626e-04   5.1901082e-03
  -3.2863344e-02   2.2227268e-01   7.3598610e-02  -4.3285667e-03  -7.7139379e-04   5.0645804e-03
  -4.5515211e-02   2.8603486e-01   1.4072301e-01  -4.0558743e-03  -9.7148202e-04   5.2344452e-03
  -3.9480796e-02   1.6681185e-01   3.6345655e-02  -3.2565529e-03  -9.5968987e-04   5.0870060e-03
  -4.6982615e-02   3.3590841e-01   1.3554012e-01  -4.6983339e-03  -1.1646965e-03   4.8743435e-03
  -3.7827173e-02   1.7023857e-01   5.4179527e-02  -3.6821108e-03  -1.1162128e-03   4.9901920e-03
  -5.0060955e-02   2.9783909e-01   1.1748734e-01  -4.6074171e-03  -9.2565923e-04   4.7727938e-03
  -5.3177700e-02   1.6196835e-01   7.0481363e-02  -3.3729028e-03  -1.0985307e-03   5.2890262e-03
  -5.3335939e-02   2.8866653e-01   9.3417870e-02  -4.9101449e-03  -1.0063736e-03   4.9079294e-03
  -5.2516872e-02   2.1916346e-01   8.2487968e-02  -3.4409638e-03  -1.0980040e-03   5.0462651e-03
  -4.2660263e-02   2.2905587e-01   4.6152557e-02  -3.9640929e-03  -1.4208029e-03   5.1162192e-03
  -5.4128862e-02   3.0283464e-01   1.1323918e-01  -4.1760579e-03  -1.1776345e-03   5.1585439e-03
  -4.5444276e-02   1.8696483e-01   4.2846236e-02  -3.4682799e-03  -1.2181735e-03   5.3200028e-03
  -5.2198380e-02   2.9671468e-01   8.3166156e-02  -4.3062079e-03  -1.1724830e-03   5.4372689e-03
  -5.1044669e-02   1.8909334e-01   6.2155601e-02  -3.1132764e-03  -1.3204659e-03   5.7654411e-03
  -4.9682087e-02   2.5796855e-01   4.8200477e-02  -3.8107062e-03  -1.3519400e-03   5.8636285e-03
  -5.5638077e-02   2.3964683e-01   5.9302268e-02  -3.0242295e-03  -1.3751576e-03   5.9382123e-03
  -5.2270656e-02   2.6505785e-01   3.9863443e-02  -3.7245178e-03  -1.4786926e-03   5.8461239e-03
  -5.2111586e-02   2.9633843e-01   4.1661574e-02  -3.6001696e-03  -1.3958657e-03   5.9395529e-03
  -4.1926778e-02   2.5592345e-01   2.9963866e-02  -3.8333315e-03  -1.3338488e-03   5.7475351e-03
  -4.5404245e-02   3.3991540e-01   9.7596659e-02  -4.5937819e-03  -1.2688028e-03   5.6369193e-03
  -4.0750675e-02   1.9526752e-01   4.0620849e-02  -4.0432994e-03  -1.3695431e-03   6.0462308e-03
  -4.9113190e-02   3.2030071e-01   1.1152963e-01  -5.0642715e-03  -1.2467350e-03   5.9321041e-03
  -4.5127163e-02   1.9719366e-01   4.4171408e-02  -4.4904843e-03  -1.2349640e-03   6.1473707e-03
  -4.9166959e-02   3.2967051e-01   9.3370309e-02  -5.8245193e-03  -1.2745175e-03   5.9334101e-03
  -4.2933607e-02   2.0277029e-01   4.6870548e-02  -4.8406307e-03  -1.3251835e-03   6.1804950e-03
  -4.8580918e-02   2.9365087e-01   6.1279195e-02  -5.6779675e-03  -1.1367606e-03   6.0464092e-03
  -5.1514007e-02   2.7482520e-01   8.0673038e-02  -4.7745622e-03  -1.1886242e-03   6.0585834e-03
  -4.5149425e-02   2.6723344e-01   4.6978771e-02  -5.1066563e-03  -1.3017421e-03   5.8696932e-03
  -5.0959692e-02   2.9847082e-01   7.8255840e-02  -4.8079923e-03  -1.2404039e-03   6.0548008e-03
  -4.1540058e-02   2.5866171e-01   3.2643988e-02  -5.1228286e-03  -1.3780918e-03   6.1209583e-03
  -4.3603088e-02   2.6848549e-01   7.0387657e-02  -4.7988346e-03  -1.3434054e-03   6.2554310e-03
  -4.2145847e-02   3.0730006e-01   3.4049431e-02  -5.3899838e-03  -1.8155502e-03   5.8770869e-03
  -4.3909340e-02   2.5068649e-01   4.0650800e-02  -4.2873354e-03  -1.7303831e-03   6.0296463e-03
  -3.8587028e-02   2.9110434e-01   1.0038616e-02  -5.0561792e-03  -1.8052945e-03   5.9397645e-03
  -4.1658728e-02   2.9797663e-01   4.2784638e-02  -4.4885322e-03  -1.7006775e-03   6.2251740e-03
  -2.8292787e-02   2.4834871e-01  -3.0078907e-02  -4.5117427e-03  -1.8451878e-03   6.2906155e-03
  -3.7927517e-02   3.3852301e-01   6.9869342e-02  -4.8414680e-03  -1.7723986e-03   6.2917950e-03
  -3.2104789e-02   2.3810480e-01  -2.7041420e-02  -4.3991856e-03  -2.0488764e-03   6.2658392e-03
  -3.7770697e-02   3.5113544e-01   8.2800728e-02  -4.9997874e-03  -1.7808284e-03   6.2211015e-03
  -3.0391605e-02   2.2410057e-01  -2.6822337e-02  -4.1222511e-03  -1.9688704e-03   6.3763453e-03
  -3.6856199e-02   3.7070589e-01   7.8160728e-02  -4.9789721e-03  -1.8347078e-03   6.3326530e-03
  -2.6329452e-02   2.2172138e-01  -6.8679546e-02  -3.4753546e-03  -2.0161296e-03   6.4106658e-03
  -3.4536855e-02   3.6611813e-01   7.1516803e-02  -4.4024244e-03  -2.0916393e-03   6.4259105e-03
  -3.0788047e-02   2.2834313e-01  -3.6158065e-02  -3.5889572e-03  -2.5136620e-03   6.4887647e-03
  -3.4570777e-02   3.3904234e-01   4.1803513e-02  -3.5968572e-03  -2.4416005e-03   6.5538386e-03
  -2.8469966e-02   2.6302330e-01  -2.7544700e-02  -3.7314677e-03  -2.2946802e-03   6.5945988e-03
  -3.4722191e-02   3.2159381e-01   5.7016738e-03  -3.4905305e-03  -2.1777096e-03   6.6269954e-03
  -2.7286202e-02   2.7972123e-01  -3.7377942e-02  -3.6648338e-03  -2.3115948e-03   6.3706680e-03
  -3.4782158e-02   3.5614052e-01  -9.1338049e-03  -3.5831993e-03  -2.1882966e-03   6.4190920e-03
  -2.3493646e-02   2.8639141e-01  -4.3671007e-02  -3.4668903e-03  -2.3991025e-03   6.6587406e-03
  -3.1390876e-02   3.5654111e-01   1.3662492e-02  -3.6448024e-03  -2.2338868e-03   6.7568148e-03
  -2.5295995e-02   2.6802505e-01  -3.7454483e-02  -3.4891409e-03  -2.2618821e-03   6.7980299e-03
  -2.7190263e-02   3.7263633e-01  -5.8752903e-03  -4.6017262e-03  -2.0581586e-03   6.6629801e-03
  -2.3218299e-02   2.4361589e-01  -5.3871629e-02  -3.4173273e-03  -2.3197011e-03   6.6534395e-03
  -1.7378189e-02   3.3309797e-01  -3.3440337e-02  -4.6199885e-03  -2.1819293e-03   6.6596638e-03
  -2.4673343e-02   3.1044652e-01  -1.7460026e-02  -3.5457151e-03  -2.1498224e-03   6.7549205e-03
  -1.7446579e-02   2.9012528e-01  -6.1603534e-02  -3.8437504e-03  -2.2186825e-03   6.9022604e-03
  -2.1861940e-02   3.8305196e-01  -1.6457553e-02  -4.5768549e-03  -2.2176103e-03   6.6356820e-03
  -1.6004130e-02   2.6632428e-01  -8.0648263e-02  -3.7885931e-03  -2.3451936e-03   6.8492171e-03
  -1.6482385e-02   3.6893228e-01  -2.4282190e-02  -4.7029254e-03  -2.1598819e-03   6.6098376e-03
  -1.9296256e-02   2.8304667e-01  -5.9429184e-02  -3.9269501e-03  -2.1854830e-03   6.8508187e-03
  -2.1721414e-02   2.8892145e-01  -6.1966150e-02  -3.7139606e-03  -2.4748476e-03   6.8569740e-03
  -1.9300096e-02   3.7074603e-01  -3.1620226e-02  -4.3290627e-03  -2.6615848e-03   6.6045261e-03
  -2.0000121e-02   2.5121534e-01  -6.9427502e-02  -3.2491736e-03  -2.6042270e-03   6.7678407e-03
  -1.8703012e-02   3.5558797e-01  -5.8955267e-02  -4.4203184e-03  -2.7670598e-03   6.5569243e-03
  -1.8444084e-02   3.0694452e-01  -5.4798725e-02  -3.5805732e-03  -2.6016476e-03   6.6972195e-03
  -1.8671511e-02   3.1195825e-01  -9.5331007e-02  -3.9830352e-03  -2.5425147e-03   6.5683028e-03
  -2.2665647e-02   3.6554670e-01  -1.8708070e-02  -4.2977400e-03  -2.6079873e-03   6.6794713e-03
  -1.8464643e-02   2.7393904e-01  -5.9919316e-02  -3.9861452e-03  -2.5022242e-03   6.8642860e-03
  -2.2982739e-02   3.6220321e-01  -5.1517797e-03  -4.4199720e-03  -2.4269270e-03   6.7974266e-03
  -1.2604121e-02   2.3750120e-01  -8.2541439e-02  -3.2320504e-03  -2.6134363e-03   6.8539405e-03
  -2.0981817e-02   3.7994826e-01  -4.7616182e-03  -4.0763858e-03  -2.5318450e-03   6.8050220e-03
  -1.6358579e-02   2.2334126e-01  -8.0767594e-02  -2.6673535e-03  -2.7073752e-03   6.8857943e-03
  -1.9410684e-02   3.6128603e-01  -3.5674071e-02  -3.9845786e-03  -2.7805569e-03   6.8290523e-03
  -1.4202628e-02   2.4623639e-01  -6.6324908e-02  -2.4163987e-03  -2.7225539e-03   6.9603366e-03
  -1.8577092e-02   3.6511980e-01  -7.0016723e-03  -2.8920682e-03  -2.6875402e-03   6.8217738e-03
  -1.4457060e-02   2.6088403e-01  -7.2721152e-02  -3.0336995e-03  -2.8140950e-03   6.9942383e-03
  -1.5760247e-02   3.8141031e-01  -3.2464592e-02  -3.8235930e-03  -2.7090932e-03   6.9199161e-03
  -6.7807446e-03   2.6732602e-01  -8.6407456e-02  -2.7185012e-03  -2.8457701e-03   7.1687480e-03
  -9.3241765e-03   3.5813678e-01  -3.1385845e-02  -3.5684989e-03  -2.7705837e-03   7.0576830e-03
  -1.0385379e-02   2.6964339e-01  -4.4716370e-02  -2.7862591e-03  -2.7900874e-03   7.3877560e-03
  -1.0575783e-02   3.3000865e-01  -6.4667441e-02  -3.5058161e-03  -2.7416187e-03   7.2441535e-03
  -8.9237865e-03   3.4588314e-01  -5.6364701e-02  -3.3295423e-03  -2.6616562e-03   7.3445666e-03
  -3.8810294e-03   2.9371335e-01  -8.3051986e-02  -2.7188169e-03  -2.7861163e-03   7.4339692e-03
  -9.7293573e-03   3.8687271e-01  -3.3912376e-02  -2.9722341e-03  -2.7325571e-03   7.2362477e-03
  -4.9200400e-03   2.9129806e-01  -7.8204007e-02  -2.9501894e-03  -2.7824943e-03   7.1338817e-03
  -9.7885060e-03   3.9688145e-01  -3.8108804e-02  -3.5660584e-03  -2.6788206e-03   7.2367181e-03
  -6.1892823e-03   2.7370455e-01  -9.1609082e-02  -2.7850760e-03  -2.7267223e-03   7.2876506e-03
  -5.6005706e-03   3.8523784e-01  -3.3248878e-02  -4.0533734e-03  -2.6384441e-03   7.1455146e-03
  -7.7647052e-03   2.7815186e-01  -7.9749388e-02  -2.7529168e-03  -2.8547249e-03   7.2016301e-03
  -8.2634351e-03   4.0502855e-01  -1.7896337e-02  -3.4466192e-03  -2.9409006e-03   7.0020873e-03
  -1.2500088e-02   2.5988910e-01  -8.3000273e-02  -2.4456098e-03  -3.0100897e-03   6.9706990e-03
  -1.0011130e-02   4.0170500e-01  -2.5154782e-02  -2.9614895e-03  -3.1957034e-03   7.0300634e-03
  -4.7762392e-03   2.5765798e-01  -8.7585275e-02  -1.5190744e-03  -3.2743903e-03   7.0665359e-03
  -9.3243862e-03   3.9968648e-01  -3.5459780e-02  -2.9630092e-03  -3.2919303e-03   6.8855927e-03
  -1.4919603e-02   2.8418805e-01  -7.4099284e-02  -1.4871105e-03  -3.2326434e-03   7.0341730e-03
  -1.5618719e-02   3.6926896e-01  -6.5581871e-02  -2.7886117e-03  -3.3477149e-03   7.0588510e-03
  -1.9666440e-02   2.9301893e-01  -5.1531617e-02  -1.6382242e-03  -3.3397308e-03   7.4798276e-03
  -1.6337768e-02   3.1858903e-01  -8.4157627e-02  -2.2365880e-03  -3.3927139e-03   7.3979575e-03
  -2.4666441e-02   3.4829736e-01  -3.1632450e-02  -2.1284716e-03  -3.4244657e-03   7.8282731e-03
  -1.9196381e-02   2.8971877e-01  -1.1097830e-01  -1.7178329e-03  -3.3656063e-03   7.9400291e-03
  -2.6012659e-02   3.9833750e-01  -1.3638191e-02  -2.1920766e-03  -3.3798801e-03   7.8306006e-03
  -1.5496015e-02   2.8655155e-01  -1.3712084e-01  -1.6206308e-03  -3.4026374e-03   7.8042972e-03
  -2.2135133e-02   4.1458921e-01  -4.6839804e-02  -2.2016303e-03  -3.6575718e-03   7.8001557e-03
  -1.6881209e-02   2.9834882e-01  -1.0981081e-01  -1.3522389e-03  -3.8765317e-03   7.8405591e-03
  -1.8311818e-02   3.8586938e-01  -7.8838372e-02  -1.9880445e-03  -4.0802293e-03   7.7708897e-03
  -2.0853797e-02   3.2359807e-01  -8.5441869e-02  -6.0934543e-04  -3.9787889e-03   7.9319110e-03
  -1.9867198e-02   3.8944292e-01  -1.0526287e-01  -1.8566634e-03  -4.1925440e-03   7.6325856e-03
  -2.8902998e-02   3.6747943e-01  -5.9663972e-02  -8.3894335e-04  -4.1178152e-03   8.2394354e-03
  -1.8072016e-02   3.5153658e-01  -1.2826433e-01  -1.5307688e-03  -4.2161194e-03   7.8922920e-03
  -2.8752535e-02   4.0903360e-01  -5.3583142e-02  -9.5706529e-04  -4.3090981e-03   8.0290617e-03
  -1.6312600e-02   3.4418635e-01  -1.6356315e-01  -6.2951678e-04  -4.5115982e-03   7.9135053e-03
  -2.4376098e-02   4.3273333e-01  -6.3038404e-02  -1.3582306e-03  -4.4929429e-03   7.9404075e-03
