   0.0000000e+00   0.0000000e+00   0.0000000e+00   0.0000000e+00   0.0000000e+00   0.0000000e+00
   3.9323493e-03  -6.2616740e-03  -1.2855780e-01  -1.0343372e-04   3.8397975e-04  -2.9026710e-04
  -8.8370053e-03   9.6556044e-02  -2.7628987e-03  -4.7752409e-04   1.5618312e-04  -3.3020985e-04
   1.4731471e-03  -5.1021674e-02  -9.4902126e-02   1.8999589e-04   9.8016663e-05  -3.0254374e-04
  -2.5095033e-03   7.7957450e-02   2.9654835e-02  -5.1173039e-04   1.2063545e-04  -1.1235400e-04
   4.2046262e-03   6.5262268e-02  -4.3433586e-02  -1.4884446e-03  -2.8596420e-04  -5.4245028e-05
  -4.2355271e-04   9.1872802e-02   7.1230937e-03  -1.1100790e-03  -2.2270197e-04   3.0568986e-06
   7.9458809e-03   8.0486718e-03  -4.3895785e-02  -5.0418211e-04  -4.8333315e-04   3.0559835e-05
   6.7433515e-04   1.1726747e-01   1.5193888e-02  -2.3374799e-03  -7.2080055e-04  -7.8043793e-05
   6.6466769e-04   2.8197503e-02   1.0424479e-02  -1.2345985e-03  -6.6782743e-04   1.5396812e-04
   2.5133910e-03   4.3942205e-02  -3.7573355e-02  -1.2409593e-03  -7.2150605e-04   3.0699215e-05
  -5.3728735e-04   1.1353330e-01   3.2863265e-02  -1.6167203e-03  -7.0558324e-04   7.1273397e-05
   8.7698651e-03   8.7066949e-03  -1.3524932e-02  -1.3777889e-03  -7.8799625e-04   9.2329342e-05
   5.6828100e-03   9.3232759e-02   1.1804848e-02  -2.8421019e-03  -7.7197351e-04  -1.7900758e-04
   8.4193778e-03   1.6419076e-02  -4.6468193e-02  -2.1493200e-03  -1.0066837e-03   7.0833720e-05
   1.6609199e-03   1.1524206e-01   6.5170654e-02  -2.0799820e-03  -9.2274403e-04   1.9096850e-04
   6.9117633e-03   3.1146359e-02  -4.9942851e-02  -1.9208107e-03  -1.1363489e-03   2.2681185e-04
  -4.3650281e-04   1.2304157e-01   4.3630529e-02  -2.1354648e-03  -1.1140664e-03   2.8498010e-04
   3.8865732e-03   4.7870268e-02  -2.8621228e-02  -2.2886711e-03  -1.1696789e-03   2.5141007e-04
  -5.4876193e-03   1.1843150e-01   6.4799204e-02  -2.0812259e-03  -9.8242931e-04   2.3111409e-04
   2.6767160e-03   2.6296751e-02  -4.0061072e-02  -2.1793819e-03  -1.1215409e-03   3.7943403e-04
  -1.9171936e-03   1.1517714e-01   6.0946271e-02  -2.3147618e-03  -8.1062112e-04   4.4194177e-04
   5.5679478e-03   2.2331603e-02  -4.2372926e-02  -1.9958801e-03  -1.0422857e-03   3.8071968e-04
   1.2739494e-03   1.3258178e-01   4.9697804e-02  -2.4566540e-03  -1.1182537e-03   4.0905049e-04
   6.1330252e-03   1.8447021e-02  -2.2583803e-02  -1.3932461e-03  -1.2863857e-03   4.7732283e-04
  -7.4881004e-03   1.3118909e-01   1.0022057e-01  -1.8669500e-03  -1.3594362e-03   6.0922116e-04
   4.4987690e-03   8.3663475e-04  -3.0147983e-02  -1.4213224e-03  -1.6699823e-03   7.5149721e-04
  -2.4092033e-03   1.1725822e-01   7.9731048e-02  -1.7933489e-03  -1.5417277e-03   8.2310891e-04
   2.2581050e-03  -4.3415872e-03   1.8902680e-02  -8.7045679e-04  -1.5290768e-03   8.5610887e-04
  -4.7980484e-03   1.3854149e-01   1.0732628e-01  -1.6499681e-03  -1.5833256e-03   8.0242585e-04
   4.5727105e-03  -1.9661525e-04   5.9795006e-03  -8.9847665e-04  -1.9262818e-03   9.8909361e-04
  -2.5126537e-03   1.0791167e-01   1.0929932e-01  -9.8440056e-04  -1.8947538e-03   1.0129384e-03
   1.2035300e-03   2.5637655e-03   3.5881932e-02  -1.6385792e-04  -2.2396943e-03   1.3573274e-03
   2.7401168e-04   9.0301726e-02   8.3880931e-02  -6.6710155e-04  -2.3435751e-03   1.4407428e-03
   3.6104301e-03   9.7060431e-03   1.6110966e-02  -4.3000532e-04  -2.4615324e-03   1.3774805e-03
   3.0541665e-03   1.0583723e-01   6.6675292e-02  -9.1924465e-04  -2.5821651e-03   1.4264695e-03
   9.5666708e-03   2.0798720e-02  -4.4674468e-03  -6.1762946e-05  -2.7187477e-03   1.2620157e-03
   6.2513194e-03   1.3136486e-01   8.3399943e-02  -5.9598441e-04  -2.6667409e-03   1.3241602e-03
   1.4269748e-02   2.8565051e-02   1.3819107e-02  -6.0576589e-05  -2.7876385e-03   1.3033846e-03
   5.0871116e-03   1.3010557e-01   1.0940104e-01  -7.0152277e-04  -2.7164537e-03   1.3006837e-03
   1.2694908e-02   7.3956585e-03   6.2283626e-02   6.0670640e-04  -2.8765086e-03   1.3577458e-03
   8.3338622e-03   8.4434036e-02   4.5060125e-02  -9.6082513e-04  -2.8993154e-03   1.2693114e-03
   1.0694771e-02   5.9611238e-02   9.8284310e-02   2.8913954e-04  -2.9374739e-03   1.4603254e-03
   1.2744976e-02   5.6035679e-02   2.6548360e-02   4.0752185e-05  -3.0620937e-03   1.4071038e-03
   5.3707192e-03   1.2999973e-01   1.1599739e-01  -5.1881658e-04  -3.0716258e-03   1.4922024e-03
   1.8780487e-02   1.0769255e-02   1.5311388e-02   1.2695940e-03  -3.0710780e-03   1.5759970e-03
   6.7806229e-03   1.6995705e-01   1.4049856e-01  -4.5072900e-04  -2.9594305e-03   1.4150411e-03
   1.4811721e-02   2.2132746e-03   7.9646797e-03   1.0539797e-03  -3.1859900e-03   1.3928276e-03
  -8.3893563e-03   1.7289179e-01   1.4861413e-01  -2.1619979e-04  -2.9994239e-03   1.4386934e-03
   4.9190625e-03   6.1511705e-03   1.9203841e-02   1.0019560e-03  -3.2589846e-03   1.5674173e-03
  -3.5514112e-03   1.4935767e-01   1.5180473e-01   2.1311462e-04  -3.0182400e-03   1.5229434e-03
   1.4012253e-02  -5.9197234e-03   2.7541407e-02   1.0158811e-03  -3.2618343e-03   1.7149578e-03
   3.3378343e-03   1.0634384e-01   1.6145627e-01   9.2637298e-04  -3.3329944e-03   1.8022015e-03
   8.8335575e-03   1.8540800e-02   4.5013804e-02   1.2371715e-03  -3.4680338e-03   1.8833994e-03
  -4.1458131e-04   1.2715122e-01   1.5822682e-01   8.0238735e-04  -3.4450926e-03   1.7130083e-03
   1.4969216e-03  -2.0744121e-02   6.9816285e-02   1.9449737e-03  -3.4223511e-03   1.8115055e-03
  -3.6714270e-03   1.2204719e-01   1.5632508e-01   1.1760882e-03  -3.4735189e-03   1.8759800e-03
  -2.0972066e-04  -1.5877902e-02   7.0158964e-02   2.2546552e-03  -3.6072378e-03   2.0775054e-03
  -1.0811161e-02   1.2019633e-01   1.8240423e-01   1.7038223e-03  -3.7067122e-03   1.9746408e-03
  -5.5525772e-03  -1.3942675e-02   7.2803943e-02   2.6914751e-03  -3.9482760e-03   2.2829102e-03
  -1.3591688e-02   1.1882020e-01   1.7954133e-01   2.0659396e-03  -3.8895190e-03   2.2622485e-03
  -1.6559011e-02  -1.3217476e-02   1.1979771e-01   2.9604247e-03  -4.0422362e-03   2.4124522e-03
  -3.4329924e-02   9.3495289e-02   1.5569771e-01   2.0391880e-03  -4.2592949e-03   2.0283271e-03
  -3.9811549e-02  -2.5814919e-02   8.5107601e-02   3.0037563e-03  -4.2657665e-03   1.9013600e-03
  -1.0556278e-02   9.0922711e-02   1.3000717e-01   2.5479509e-03  -3.8698407e-03   2.2594547e-03
  -9.1708823e-03   1.5516981e-02   7.6559880e-02   3.0958726e-03  -3.7898738e-03   2.3413274e-03
  -1.3433805e-02   1.1679128e-01   1.5558553e-01   2.9791259e-03  -3.8079980e-03   2.3526528e-03
  -7.5470704e-03   1.9065370e-02   9.3977446e-02   3.4461796e-03  -3.7860462e-03   2.3591202e-03
  -1.6328093e-02   1.1811155e-01   1.7597856e-01   2.3622709e-03  -3.8215304e-03   2.3906379e-03
  -1.3362721e-02  -2.3731533e-04   1.3532151e-01   3.7312556e-03  -3.8504778e-03   2.4042099e-03
  -1.8765351e-02   8.0347131e-02   1.4420736e-01   2.8513258e-03  -3.7906399e-03   2.2335004e-03
  -1.9324532e-02   6.5315828e-02   1.8367024e-01   4.3225410e-03  -3.8240255e-03   2.4904600e-03
  -1.0484160e-02   3.7974380e-02   1.2316025e-01   3.5525284e-03  -3.9047415e-03   2.2762807e-03
  -1.2232376e-02   1.1675867e-01   2.0269149e-01   3.0578036e-03  -3.8497413e-03   2.2460296e-03
  -1.5223374e-03  -5.1682926e-03   1.4591435e-01   4.6084562e-03  -4.0059645e-03   2.2553377e-03
  -5.2599493e-03   9.7908447e-02   1.9448324e-01   3.8891681e-03  -4.0732483e-03   2.1624425e-03
  -3.7088288e-03   1.4753113e-02   1.7018190e-01   4.1973841e-03  -4.1054464e-03   2.2992811e-03
  -3.0304914e-03   8.5127684e-02   1.8340410e-01   3.2160205e-03  -4.0970171e-03   2.2390784e-03
  -1.0544688e-02   6.0586949e-03   1.8352605e-01   4.6350869e-03  -4.0084599e-03   2.4985749e-03
  -1.5962728e-02   8.1256994e-02   1.7426783e-01   3.4538369e-03  -4.0133513e-03   2.3547550e-03
  -1.8852494e-02   3.8736739e-02   2.0360284e-01   4.3686530e-03  -3.9036478e-03   2.5500553e-03
  -3.0198624e-02   3.7753851e-02   1.8055636e-01   4.1380545e-03  -4.1810079e-03   2.5756716e-03
  -1.5259533e-02   7.7182276e-02   2.8058191e-01   4.2565510e-03  -3.9455905e-03   2.8537461e-03
  -1.5525237e-02  -1.0965011e-03   1.7743232e-01   5.1965623e-03  -4.0192697e-03   2.9907323e-03
  -2.3204494e-02   9.3920574e-02   2.8928037e-01   4.2554487e-03  -3.9997333e-03   3.0802928e-03
  -1.8699601e-02  -2.0545729e-02   1.7538885e-01   5.4715393e-03  -4.2064338e-03   3.1727738e-03
  -1.9351743e-02   1.1205998e-01   2.6587324e-01   4.4316116e-03  -4.1615119e-03   2.9578894e-03
  -1.7950851e-02  -2.9837399e-02   1.3792351e-01   5.6096483e-03  -3.9748349e-03   2.7476167e-03
  -2.3701763e-02   8.8562947e-02   3.0051729e-01   5.6308041e-03  -4.2126643e-03   2.9498054e-03
  -1.9095207e-02   6.1852554e-03   1.9318370e-01   5.3462035e-03  -4.3023775e-03   3.2564645e-03
  -3.0992245e-02   8.0305806e-02   2.9865245e-01   5.4360484e-03  -4.1763252e-03   3.3887599e-03
  -2.3671131e-02  -8.5853302e-03   2.0844761e-01   5.9976115e-03  -4.3190643e-03   3.4551435e-03
  -3.0200195e-02   1.0231940e-01   3.1897860e-01   5.8108070e-03  -4.4790324e-03   3.6587953e-03
  -1.9590262e-02  -3.2551685e-02   2.0639156e-01   7.0815057e-03  -4.6956794e-03   3.8128488e-03
  -3.1340875e-02   9.3100195e-02   2.8388573e-01   6.3252400e-03  -4.3768611e-03   3.7867250e-03
  -2.8444556e-02  -1.6761545e-03   1.9665405e-01   7.5549186e-03  -4.2186869e-03   3.6587429e-03
  -3.3416685e-02   1.0603944e-01   2.9560841e-01   6.8928280e-03  -4.0782869e-03   3.7723655e-03
  -2.4573374e-02   1.6383339e-02   2.1685151e-01   7.2572992e-03  -4.2804485e-03   3.8056565e-03
  -2.9517699e-02   1.1318432e-01   2.8731311e-01   6.4861464e-03  -4.2791786e-03   3.6108541e-03
  -2.7138015e-02   3.3497802e-03   2.5141725e-01   7.8389649e-03  -4.4422299e-03   3.6254044e-03
  -2.5754911e-02   5.1303466e-02   2.3337639e-01   6.9871817e-03  -4.4746402e-03   3.3733217e-03
  -2.6289671e-02   6.2789196e-02   3.0228054e-01   7.6667948e-03  -4.6276587e-03   3.4569804e-03
  -2.6215167e-02   2.5028321e-02   2.3043761e-01   7.2628960e-03  -4.8220112e-03   3.4948735e-03
  -3.0190653e-02   1.1704061e-01   3.2588382e-01   6.6215140e-03  -4.8053799e-03   3.2875966e-03
  -2.6773174e-02  -9.1200442e-03   2.4819719e-01   7.9819792e-03  -4.9859794e-03   3.4328969e-03
  -2.6153843e-02   1.0327330e-01   3.1788081e-01   7.6568116e-03  -4.9262966e-03   3.1492881e-03
  -1.8678945e-02  -5.7606233e-03   2.8447501e-01   8.3194600e-03  -5.0342911e-03   3.3844482e-03
  -2.3250094e-02   8.7785057e-02   3.2018986e-01   7.1273691e-03  -5.2502231e-03   3.4316762e-03
  -3.0427885e-02  -2.0719527e-03   3.3244600e-01   8.9517623e-03  -5.2067063e-03   3.7178610e-03
  -2.9252056e-02   3.1625124e-02   2.7354082e-01   8.1241076e-03  -5.4413659e-03   3.5309508e-03
  -5.1546890e-02   2.6431213e-02   3.7155981e-01   1.0099280e-02  -5.3213504e-03   3.8405464e-03
  -3.9316686e-02  -4.8831787e-03   2.6976979e-01   1.0634708e-02  -4.9342018e-03   3.9709607e-03
  -5.5275496e-02   6.5329339e-02   4.7273227e-01   1.0851785e-02  -4.8271084e-03   4.0411949e-03
  -4.4772363e-02  -3.1447616e-02   3.7263709e-01   1.1442612e-02  -5.1918557e-03   4.3174908e-03
  -5.5800426e-02   7.3572961e-02   4.8887483e-01   1.0875141e-02  -5.2125909e-03   4.3993490e-03
  -4.7282645e-02  -5.8387032e-02   3.4986456e-01   1.1990436e-02  -5.2409008e-03   4.3070303e-03
  -5.4832813e-02   7.0163005e-02   4.7613157e-01   1.1584418e-02  -5.1803248e-03   4.1749249e-03
  -4.9881423e-02  -5.0640127e-02   3.3285425e-01   1.2460931e-02  -5.3617822e-03   4.2944302e-03
  -6.2260420e-02   8.9821970e-02   5.0596133e-01   1.1966235e-02  -4.9029579e-03   4.3111096e-03
  -6.3945786e-02  -3.6745054e-02   3.6541698e-01   1.3193604e-02  -4.9219282e-03   4.1867356e-03
  -7.2711571e-02   7.9937472e-02   5.1394225e-01   1.2613599e-02  -5.0799139e-03   4.4300955e-03
  -6.5905865e-02  -2.5985640e-02   3.7747049e-01   1.3980844e-02  -5.2117100e-03   4.5807681e-03
  -7.1828529e-02   7.4798404e-02   5.2669190e-01   1.3275194e-02  -5.2871530e-03   4.4786533e-03
  -6.6019297e-02  -1.9750449e-02   3.8549888e-01   1.3647490e-02  -5.3678782e-03   4.6777525e-03
  -6.7534943e-02   6.0968152e-02   4.9671191e-01   1.3755325e-02  -5.2716495e-03   4.8458820e-03
  -6.1878568e-02   3.8645232e-03   3.7095094e-01   1.3503719e-02  -5.3777505e-03   4.7060323e-03
  -5.8528918e-02   5.7838795e-02   4.6489629e-01   1.3832013e-02  -5.4064196e-03   4.8003803e-03
  -5.6616593e-02   2.2573381e-02   3.3515676e-01   1.3598959e-02  -5.4089803e-03   4.7804615e-03
  -6.0889073e-02   1.0153601e-01   4.7247666e-01   1.3485512e-02  -5.3073415e-03   4.7811962e-03
  -5.7759793e-02  -1.9902725e-02   3.6682714e-01   1.4288859e-02  -5.4765790e-03   4.7311446e-03
  -6.3580387e-02   1.0569496e-01   4.5890017e-01   1.3067106e-02  -5.5913226e-03   4.6444684e-03
  -5.2431756e-02  -3.0394647e-02   3.8248220e-01   1.4956917e-02  -5.5621915e-03   4.7253883e-03
  -5.4754198e-02   6.5343216e-02   4.2480788e-01   1.2898074e-02  -5.6873058e-03   4.5379901e-03
  -5.3461876e-02   1.5436185e-02   4.4346131e-01   1.4120238e-02  -5.7291396e-03   4.6106650e-03
  -5.0490120e-02   2.4810792e-02   3.6768952e-01   1.3556537e-02  -5.9805632e-03   4.6899191e-03
  -5.7922303e-02   6.5710818e-02   4.7709205e-01   1.4174583e-02  -5.8416410e-03   4.8234504e-03
  -6.0320409e-02  -1.3729074e-02   3.8222912e-01   1.4365424e-02  -5.7953784e-03   4.7190024e-03
  -6.3682924e-02   1.0213686e-01   4.6740337e-01   1.3697744e-02  -6.0439935e-03   4.8877825e-03
  -5.2798894e-02  -4.0406953e-02   3.5606871e-01   1.4667302e-02  -6.1343663e-03   4.9363443e-03
  -4.6729063e-02   8.8646727e-02   4.0004223e-01   1.3685206e-02  -6.4242744e-03   5.1115041e-03
  -4.4769315e-02  -4.1905311e-02   3.8403785e-01   1.5391776e-02  -6.5450597e-03   5.1133571e-03
  -3.2732210e-02   2.6663972e-02   3.6825034e-01   1.4705674e-02  -7.0204526e-03   5.0254227e-03
  -3.6691666e-02   2.9200843e-02   4.3259647e-01   1.6218815e-02  -6.9635982e-03   5.1139546e-03
  -4.2922776e-02  -4.2496626e-02   3.6321547e-01   1.6947101e-02  -6.4454240e-03   4.9209745e-03
  -5.0650414e-02   7.0125730e-02   4.6744209e-01   1.6427071e-02  -6.1611917e-03   4.8432025e-03
  -5.1497219e-02  -5.9232871e-02   3.7078921e-01   1.7232651e-02  -6.1604016e-03   4.7178147e-03
  -4.7562645e-02   4.9353675e-02   4.3251500e-01   1.5969038e-02  -6.4214784e-03   4.7379589e-03
  -4.5981449e-02  -2.5191470e-02   4.7954423e-01   1.7595736e-02  -6.4913909e-03   5.0490633e-03
  -4.7312689e-02   2.3392238e-04   4.5125451e-01   1.6890873e-02  -6.4082028e-03   4.9061069e-03
  -5.7468828e-02   1.7839726e-02   5.5932779e-01   1.7342343e-02  -6.4433521e-03   4.8875879e-03
  -5.7565204e-02  -2.2447520e-02   4.3503043e-01   1.8103541e-02  -6.4508698e-03   4.7507266e-03
  -6.6903206e-02   5.8265064e-02   5.8191548e-01   1.7512860e-02  -6.5340428e-03   4.7471202e-03
  -5.8431163e-02  -1.8314770e-02   4.5200374e-01   1.7221127e-02  -6.6369517e-03   4.7198425e-03
  -5.5386316e-02   3.4392628e-02   5.5716637e-01   1.7931408e-02  -6.4117690e-03   4.9589096e-03
  -5.6288851e-02   2.8219028e-03   4.6407548e-01   1.7163950e-02  -6.5726996e-03   4.8627094e-03
  -6.1397251e-02   5.0531612e-02   5.5390359e-01   1.7585282e-02  -6.5413225e-03   4.7562359e-03
  -5.9270664e-02   6.7876473e-03   4.2431328e-01   1.7429601e-02  -6.7280619e-03   4.8573850e-03
  -6.4233882e-02   7.8710693e-02   5.3219983e-01   1.7384506e-02  -6.6799355e-03   5.0521993e-03
  -5.7290395e-02  -2.0433930e-02   4.5056945e-01   1.8280031e-02  -6.7061147e-03   4.8875795e-03
  -5.9529955e-02   6.6704914e-02   5.1804313e-01   1.7190946e-02  -6.8587942e-03   4.8038789e-03
  -5.0336766e-02   7.4311778e-03   5.2636914e-01   1.8827654e-02  -7.0688295e-03   4.8701829e-03
  -4.9949533e-02   6.7127923e-03   4.7914407e-01   1.8218835e-02  -7.1609546e-03   4.8383428e-03
  -5.0191326e-02   3.9649407e-02   4.9995803e-01   1.7390972e-02  -7.3609971e-03   4.7232277e-03
  -5.7359205e-02   2.5770803e-02   5.8678498e-01   1.9216475e-02  -7.2096384e-03   4.7997753e-03
  -5.5395580e-02   1.2168990e-02   4.8328357e-01   1.8875683e-02  -7.4514786e-03   4.6613355e-03
  -5.9005256e-02   5.9100407e-02   6.2653857e-01   1.9590847e-02  -7.3475542e-03   4.8436435e-03
  -6.1778732e-02   9.2374062e-03   4.6748012e-01   1.8517184e-02  -7.3768646e-03   4.8053092e-03
  -6.5521306e-02   7.3796365e-02   6.6663012e-01   1.9304819e-02  -7.3795908e-03   4.7825114e-03
  -5.5917744e-02  -1.1643009e-02   5.1127040e-01   1.9507629e-02  -7.6222431e-03   4.8177372e-03
  -6.3683178e-02   7.0807404e-02   6.5762283e-01   1.9166667e-02  -7.8998991e-03   4.7695226e-03
  -5.9187090e-02  -5.5739561e-02   5.4004025e-01   2.0451903e-02  -8.2333638e-03   4.9382361e-03
  -6.4083719e-02   5.9026533e-02   6.5263825e-01   1.9609965e-02  -8.2930125e-03   4.8755707e-03
  -6.9556410e-02  -5.0779750e-02   5.9676359e-01   2.1183731e-02  -8.3214780e-03   5.0978298e-03
  -6.9741006e-02   2.9104790e-02   5.9703953e-01   2.0697393e-02  -8.3494751e-03   5.1379184e-03
  -7.3331952e-02  -6.5966748e-03   6.2170704e-01   2.1740858e-02  -8.3626577e-03   5.3748920e-03
  -6.9062638e-02   1.2334392e-02   5.4965983e-01   2.0555333e-02  -8.3380051e-03   5.2407715e-03
  -7.5760425e-02   4.6546377e-02   6.4937056e-01   2.1351481e-02  -8.6314756e-03   5.5688486e-03
  -6.5599391e-02  -2.3910361e-03   5.5579509e-01   2.1357257e-02  -8.8331603e-03   5.6765840e-03
  -7.1647682e-02   3.9431188e-02   6.6529517e-01   2.2092739e-02  -8.6397076e-03   5.7091797e-03
  -7.2934709e-02  -1.1313881e-03   6.1292142e-01   2.1865625e-02  -8.9351959e-03   5.8245236e-03
  -7.2209918e-02   1.8973416e-02   6.5756480e-01   2.2352622e-02  -8.9611083e-03   5.9384436e-03
  -7.1062733e-02  -8.6483121e-03   5.8143932e-01   2.1607511e-02  -9.0603810e-03   6.0117904e-03
  -8.1111783e-02   1.8210714e-02   6.5335288e-01   2.2109690e-02  -8.8049401e-03   6.2022722e-03
  -7.4128960e-02  -1.2488955e-03   5.6049114e-01   2.1875533e-02  -9.0635414e-03   6.1661025e-03
  -7.1199345e-02   3.1747003e-02   6.3694958e-01   2.2288381e-02  -9.1462996e-03   6.2263174e-03
  -7.1171186e-02  -1.0374813e-02   5.2847038e-01   2.2342138e-02  -9.1767998e-03   6.0472126e-03
  -7.3296211e-02   6.6866996e-02   6.4984487e-01   2.2287023e-02  -9.0241566e-03   6.0949182e-03
  -7.1191886e-02  -8.5854161e-03   5.2812859e-01   2.2785375e-02  -9.1895327e-03   6.0938658e-03
  -8.1551960e-02   9.6968556e-02   6.7095071e-01   2.1991438e-02  -9.1878018e-03   6.0501447e-03
  -7.8567218e-02  -2.6188444e-02   5.7756583e-01   2.3350257e-02  -9.0816841e-03   6.1244188e-03
  -7.8882718e-02   5.9553969e-02   6.3951691e-01   2.2338026e-02  -9.1008627e-03   6.0623733e-03
  -7.0957574e-02  -2.5254272e-02   6.1599744e-01   2.3607884e-02  -9.2490906e-03   6.1973440e-03
  -8.1549497e-02   4.6775706e-02   5.9848630e-01   2.2448021e-02  -9.1902278e-03   6.1587384e-03
  -7.6221719e-02   2.4976054e-02   6.2240349e-01   2.3572354e-02  -9.3420362e-03   6.3113650e-03
  -7.5162728e-02  -1.9463553e-03   6.1524131e-01   2.3877972e-02  -9.2385647e-03   6.3142269e-03
  -7.5562125e-02   6.4483829e-02   6.5185200e-01   2.2986521e-02  -9.1487738e-03   6.2630923e-03
  -7.6549685e-02  -1.7193148e-02   6.4759252e-01   2.3914309e-02  -9.1995284e-03   6.4577932e-03
  -8.3361573e-02   4.4349670e-02   6.3758879e-01   2.2713497e-02  -9.2700151e-03   6.3276958e-03
  -8.4226329e-02  -4.1525535e-02   6.0986955e-01   2.4191208e-02  -9.3830731e-03   6.5156581e-03
  -8.7753303e-02   4.4074584e-02   6.8146265e-01   2.3502104e-02  -9.5977924e-03   6.6039377e-03
  -8.7983022e-02  -4.9498382e-02   6.3641724e-01   2.4743816e-02  -9.5906413e-03   6.7628284e-03
  -8.8958839e-02   3.7148776e-02   6.5759727e-01   2.3542924e-02  -9.9441848e-03   6.9082221e-03
  -8.6819979e-02  -3.5374114e-02   6.3173269e-01   2.4728071e-02  -9.8955060e-03   7.0826957e-03
  -8.4891657e-02   4.8658568e-02   6.7936815e-01   2.4151385e-02  -1.0221664e-02   7.1900375e-03
  -9.1962656e-02  -3.6193475e-02   6.5072872e-01   2.5232530e-02  -1.0141030e-02   7.4649271e-03
  -9.6311803e-02   3.0874062e-02   6.5895272e-01   2.4629001e-02  -1.0069698e-02   7.2115831e-03
  -9.2910675e-02  -2.2903210e-02   6.6814998e-01   2.5845764e-02  -9.9983303e-03   7.3745823e-03
  -9.6978647e-02   3.2404557e-02   6.5834890e-01   2.4752948e-02  -1.0052395e-02   7.3510471e-03
  -9.9959119e-02   1.9881265e-03   6.8005698e-01   2.5780379e-02  -1.0068516e-02   7.5505430e-03
  -1.0042227e-01   1.8435389e-02   6.5081990e-01   2.5153136e-02  -9.9449745e-03   7.4265829e-03
  -9.8835989e-02   2.1913584e-02   7.2787948e-01   2.5901868e-02  -9.9368939e-03   7.6545213e-03
  -1.0150421e-01  -4.8464697e-03   6.3102390e-01   2.5754284e-02  -1.0003282e-02   7.7100019e-03
  -1.0747589e-01   8.3827896e-02   7.2725838e-01   2.5692771e-02  -9.9552897e-03   7.7358026e-03
  -1.0369129e-01  -1.4826617e-02   6.0682371e-01   2.7256337e-02  -1.0157544e-02   7.6333131e-03
  -1.0081660e-01   1.2148199e-01   7.2884841e-01   2.5837171e-02  -9.8077205e-03   7.6358390e-03
  -9.7485925e-02  -2.7095903e-02   6.0443419e-01   2.6720111e-02  -9.8299325e-03   7.6331117e-03
  -1.0319479e-01   1.1852512e-01   7.0743101e-01   2.5387437e-02  -1.0023412e-02   7.7128825e-03
  -9.7829017e-02  -4.6302446e-02   5.9015445e-01   2.6658172e-02  -1.0020541e-02   7.7224843e-03
  -1.1117157e-01   1.2008139e-01   7.0565952e-01   2.5585325e-02  -9.8213272e-03   7.8215197e-03
  -1.0555775e-01  -2.6922646e-02   5.8515596e-01   2.6655233e-02  -9.8563976e-03   7.9898800e-03
